0 722
1 100
2 95
3 100
4 100
5 100
6 152
7 100
8 100
9 100
10 100
11 100
12 95
13 100
14 100
15 100
16 100
17 100
18 100
19 100
20 100
21 100
22 100
23 100
24 95
25 100
26 95
27 100
28 95
29 100
30 100
31 100
32 95
33 100
34 100
35 300
36 95
37 100
38 100
39 100
40 100
41 100
42 100
43 100
44 100
45 100
46 100
47 95
48 100
49 95
50 95
51 100
52 95
53 100
54 100
55 100
56 100
57 95
58 100
59 95
60 100
61 100
62 100
63 540
64 100
65 95
66 95
67 100
68 0
69 0
70 0
71 95
72 100
73 100
74 95
75 0
76 0
77 0
78 0
79 100
80 171
81 100
82 95
83 0
84 0
85 0
86 0
87 0
88 95
89 285
90 100
91 95
92 100
93 0
94 0
95 380
96 0
97 0
98 0
99 100
