0 105
1 105
2 105
3 567
4 0
5 0
6 0
7 0
8 0
9 0
10 0
11 0
12 0
13 0
14 0
15 0
16 0
17 0
18 0
19 0
20 0
21 0
22 0
23 0
24 0
25 0
26 0
27 0
28 0
29 0
30 0
31 0
32 0
33 0
34 0
35 0
36 0
37 0
38 0
39 0
40 0
41 0
42 0
43 0
44 0
45 0
46 0
47 0
48 0
49 0
50 0
51 0
52 0
53 0
54 0
55 0
56 0
57 0
58 0
59 0
60 0
61 0
62 0
63 0
64 0
65 105
66 105
67 798
68 105
69 105
70 105
71 105
72 105
73 105
74 105
75 105
76 105
77 105
78 105
79 105
80 105
81 420
82 105
83 105
84 105
85 105
86 105
87 105
88 567
89 105
90 105
91 105
92 105
93 105
94 21000
95 0
96 0
97 0
98 0
99 0
