0 105
1 126
2 105
3 105
4 105
5 105
6 105
7 105
8 105
9 105
10 252
11 105
12 105
13 105
14 105
15 105
16 105
17 105
18 168
19 105
20 105
21 105
22 126
23 105
24 105
25 105
26 105
27 105
28 105
29 105
30 105
31 105
32 0
33 105
34 105
35 0
36 105
37 0
38 0
39 0
40 0
41 0
42 0
43 0
44 0
45 0
46 105
47 0
48 0
49 105
50 0
51 105
52 0
53 0
54 0
55 105
56 0
57 21000
58 105
59 0
60 0
61 0
62 105
63 0
64 0
65 105
66 0
67 0
68 0
69 0
70 0
71 0
72 0
73 0
74 0
75 0
76 0
77 0
78 105
79 0
80 105
81 105
82 105
83 105
84 105
85 105
86 105
87 105
88 105
89 105
90 105
91 105
92 105
93 315
94 105
95 105
96 105
97 105
98 105
99 105
