0 115
1 115
2 115
3 115
4 115
5 115
6 115
7 345
8 115
9 115
10 115
11 1334
12 115
13 0
14 115
15 115
16 0
17 0
18 115
19 0
20 115
21 207
22 115
23 115
24 0
25 115
26 115
27 115
28 0
29 115
30 115
31 0
32 115
33 0
34 0
35 115
36 115
37 0
38 115
39 115
40 115
41 0
42 115
43 0
44 0
45 0
46 0
47 115
48 115
49 115
50 0
51 115
52 0
53 115
54 115
55 0
56 1334
57 115
58 0
59 184
60 0
61 115
62 621
63 115
64 0
65 0
66 0
67 115
68 115
69 0
70 115
71 11500
72 115
73 115
74 115
75 0
76 115
77 115
78 0
79 115
80 115
81 115
82 115
83 874
84 0
85 0
86 115
87 115
88 115
89 0
90 115
91 115
92 115
93 115
94 115
95 115
96 115
97 115
98 115
99 0
