0 460
1 115
2 115
3 115
4 115
5 115
6 115
7 115
8 115
9 115
10 115
11 115
12 0
13 0
14 115
15 115
16 0
17 0
18 115
19 115
20 115
21 0
22 0
23 0
24 0
25 0
26 0
27 120
28 115
29 115
30 115
31 120
32 120
33 120
34 0
35 0
36 115
37 120
38 115
39 0
40 120
41 115
42 115
43 0
44 120
45 0
46 120
47 0
48 0
49 0
50 0
51 115
52 0
53 0
54 115
55 0
56 115
57 0
58 0
59 138
60 0
61 120
62 0
63 0
64 120
65 115
66 115
67 0
68 360
69 0
70 0
71 115
72 0
73 115
74 0
75 0
76 115
77 115
78 216
79 0
80 0
81 115
82 115
83 0
84 115
85 0
86 0
87 0
88 120
89 24000
90 115
91 0
92 0
93 115
94 0
95 621
96 115
97 0
98 0
99 0
