0 120
1 120
2 120
3 480
4 120
5 120
6 120
7 120
8 120
9 120
10 120
11 120
12 120
13 120
14 120
15 120
16 120
17 120
18 120
19 120
20 120
21 120
22 120
23 120
24 120
25 120
26 120
27 120
28 120
29 120
30 120
31 120
32 120
33 120
34 120
35 120
36 120
37 120
38 120
39 120
40 120
41 120
42 120
43 120
44 120
45 120
46 120
47 144
48 120
49 120
50 120
51 120
52 120
53 120
54 120
55 120
56 120
57 120
58 120
59 120
60 120
61 2400
62 0
63 0
64 0
65 0
66 0
67 0
68 0
69 0
70 0
71 0
72 0
73 0
74 0
75 0
76 0
77 0
78 0
79 0
80 0
81 0
82 0
83 0
84 0
85 0
86 0
87 0
88 0
89 0
90 0
91 0
92 0
93 0
94 0
95 0
96 0
97 0
98 0
99 0
