0 125
1 125
2 125
3 675
4 125
5 125
6 125
7 125
8 125
9 125
10 125
11 125
12 125
13 130
14 0
15 130
16 0
17 130
18 0
19 0
20 130
21 0
22 0
23 130
24 0
25 0
26 0
27 0
28 0
29 0
30 0
31 0
32 0
33 0
34 0
35 0
36 0
37 0
38 0
39 130
40 0
41 0
42 130
43 0
44 0
45 0
46 0
47 520
48 130
49 0
50 0
51 0
52 125
53 125
54 125
55 125
56 125
57 125
58 125
59 125
60 125
61 1450
62 130
63 130
64 130
65 130
66 130
67 988
68 130
69 130
70 130
71 130
72 130
73 130
74 130
75 125
76 0
77 130
78 130
79 0
80 0
81 0
82 0
83 130
84 0
85 0
86 0
87 0
88 0
89 0
90 0
91 0
92 0
93 0
94 26000
95 0
96 0
97 0
98 0
99 0
