0 130
1 130
2 130
3 130
4 130
5 130
6 156
7 130
8 130
9 130
10 130
11 234
12 130
13 130
14 234
15 130
16 130
17 130
18 130
19 5200
20 0
21 130
22 0
23 0
24 0
25 0
26 0
27 130
28 0
29 0
30 0
31 0
32 0
33 0
34 0
35 0
36 0
37 0
38 0
39 0
40 0
41 130
42 0
43 0
44 0
45 0
46 0
47 0
48 0
49 0
50 0
51 130
52 0
53 234
54 0
55 0
56 208
57 0
58 0
59 0
60 0
61 130
62 0
63 0
64 0
65 0
66 0
67 130
68 0
69 0
70 0
71 130
72 130
73 130
74 0
75 0
76 0
77 0
78 0
79 156
80 130
81 0
82 0
83 0
84 130
85 130
86 0
87 0
88 0
89 130
90 130
91 130
92 0
93 130
94 0
95 0
96 0
97 0
98 0
99 0
