0 130
1 130
2 130
3 130
4 130
5 130
6 130
7 130
8 988
9 988
10 130
11 130
12 130
13 130
14 130
15 130
16 0
17 130
18 130
19 0
20 0
21 130
22 130
23 130
24 0
25 130
26 0
27 234
28 130
29 0
30 130
31 130
32 0
33 130
34 0
35 130
36 702
37 130
38 130
39 0
40 0
41 0
42 130
43 130
44 0
45 130
46 0
47 130
48 130
49 234
50 0
51 130
52 0
53 130
54 130
55 0
56 130
57 0
58 0
59 130
60 0
61 0
62 130
63 0
64 0
65 130
66 130
67 130
68 130
69 0
70 130
71 0
72 130
73 0
74 130
75 130
76 130
77 130
78 130
79 130
80 130
81 130
82 156
83 130
84 0
85 130
86 312
87 0
88 130
89 0
90 0
91 0
92 0
93 0
94 130
95 130
96 0
97 0
98 130
99 130
