0 130
1 390
2 130
3 130
4 130
5 130
6 130
7 130
8 130
9 130
10 988
11 130
12 156
13 156
14 130
15 135
16 135
17 135
18 540
19 135
20 135
21 135
22 243
23 162
24 135
25 135
26 135
27 135
28 135
29 135
30 135
31 135
32 135
33 135
34 135
35 135
36 135
37 135
38 135
39 135
40 135
41 0
42 0
43 0
44 0
45 0
46 0
47 0
48 0
49 0
50 0
51 0
52 0
53 0
54 0
55 0
56 0
57 0
58 0
59 0
60 0
61 0
62 0
63 0
64 0
65 0
66 0
67 0
68 0
69 0
70 0
71 0
72 0
73 0
74 0
75 0
76 0
77 0
78 0
79 0
80 0
81 0
82 0
83 0
84 0
85 0
86 0
87 0
88 0
89 0
90 130
91 130
92 234
93 702
94 130
95 130
96 130
97 130
98 130
99 130
