0 336
1 140
2 140
3 140
4 140
5 140
6 140
7 140
8 140
9 140
10 140
11 140
12 140
13 140
14 140
15 140
16 140
17 140
18 140
19 140
20 140
21 140
22 140
23 140
24 140
25 140
26 140
27 140
28 140
29 140
30 140
31 140
32 140
33 140
34 252
35 168
36 140
37 140
38 140
39 140
40 252
41 140
42 140
43 224
44 140
45 140
46 140
47 140
48 140
49 140
50 140
51 140
52 140
53 140
54 140
55 140
56 140
57 140
58 140
59 140
60 140
61 140
62 140
63 252
64 140
65 140
66 140
67 140
68 252
69 28000
70 0
71 0
72 0
73 0
74 140
75 0
76 0
77 0
78 0
79 140
80 0
81 0
82 0
83 0
84 0
85 0
86 0
87 0
88 0
89 0
90 0
91 0
92 140
93 0
94 0
95 0
96 0
97 0
98 0
99 0
