0 140
1 0
2 0
3 140
4 0
5 140
6 0
7 0
8 0
9 0
10 0
11 140
12 0
13 0
14 0
15 140
16 0
17 0
18 0
19 0
20 140
21 0
22 168
23 140
24 0
25 140
26 140
27 140
28 0
29 0
30 0
31 0
32 0
33 0
34 0
35 140
36 0
37 0
38 0
39 140
40 0
41 140
42 0
43 0
44 140
45 0
46 0
47 0
48 0
49 0
50 0
51 0
52 0
53 0
54 0
55 0
56 140
57 28000
58 0
59 140
60 140
61 140
62 140
63 140
64 140
65 140
66 140
67 140
68 140
69 140
70 140
71 140
72 140
73 168
74 140
75 140
76 140
77 0
78 0
79 0
80 140
81 0
82 0
83 0
84 140
85 140
86 0
87 0
88 0
89 140
90 0
91 0
92 0
93 420
94 0
95 0
96 140
97 140
98 140
99 0
