0 2900
1 140
2 0
3 0
4 0
5 0
6 0
7 140
8 0
9 0
10 0
11 145
12 0
13 0
14 0
15 0
16 0
17 0
18 0
19 140
20 145
21 0
22 0
23 145
24 140
25 0
26 0
27 140
28 145
29 0
30 0
31 140
32 145
33 140
34 0
35 0
36 0
37 140
38 0
39 0
40 0
41 140
42 0
43 145
44 145
45 0
46 0
47 0
48 145
49 145
50 0
51 140
52 140
53 0
54 145
55 0
56 0
57 140
58 0
59 560
60 140
61 0
62 145
63 5600
64 0
65 0
66 140
67 224
68 0
69 168
70 0
71 0
72 140
73 0
74 0
75 0
76 0
77 140
78 0
79 0
80 145
81 140
82 140
83 0
84 0
85 0
86 140
87 140
88 0
89 1064
90 140
91 140
92 140
93 0
94 145
95 0
96 0
97 145
98 0
99 0
