0 145
1 145
2 145
3 145
4 145
5 145
6 783
7 145
8 145
9 145
10 145
11 145
12 145
13 145
14 435
15 145
16 145
17 145
18 145
19 145
20 145
21 145
22 145
23 145
24 145
25 29000
26 0
27 0
28 0
29 0
30 0
31 145
32 0
33 0
34 0
35 0
36 0
37 0
38 0
39 0
40 145
41 145
42 0
43 145
44 0
45 0
46 145
47 145
48 145
49 0
50 0
51 145
52 0
53 0
54 0
55 0
56 0
57 145
58 0
59 0
60 145
61 0
62 0
63 145
64 0
65 145
66 0
67 0
68 0
69 0
70 145
71 145
72 0
73 145
74 0
75 580
76 0
77 145
78 0
79 435
80 0
81 0
82 0
83 0
84 145
85 145
86 145
87 0
88 0
89 0
90 0
91 0
92 0
93 145
94 145
95 0
96 0
97 0
98 0
99 0
