0 145
1 145
2 145
3 145
4 145
5 145
6 145
7 145
8 145
9 145
10 145
11 145
12 145
13 145
14 145
15 145
16 145
17 145
18 145
19 2900
20 145
21 145
22 145
23 145
24 145
25 145
26 145
27 145
28 145
29 145
30 145
31 145
32 0
33 0
34 0
35 0
36 0
37 0
38 0
39 0
40 174
41 0
42 0
43 145
44 0
45 0
46 0
47 145
48 0
49 0
50 0
51 0
52 0
53 0
54 145
55 0
56 0
57 0
58 0
59 0
60 0
61 0
62 145
63 145
64 0
65 0
66 0
67 145
68 0
69 0
70 1102
71 0
72 0
73 0
74 0
75 145
76 0
77 0
78 145
79 0
80 0
81 0
82 145
83 145
84 0
85 0
86 0
87 0
88 145
89 0
90 0
91 0
92 0
93 0
94 0
95 145
96 783
97 145
98 145
99 145
