0 580
1 145
2 145
3 145
4 145
5 145
6 145
7 145
8 145
9 145
10 145
11 145
12 145
13 145
14 145
15 145
16 145
17 145
18 145
19 145
20 145
21 145
22 145
23 145
24 145
25 145
26 145
27 145
28 145
29 145
30 145
31 145
32 145
33 145
34 145
35 435
36 145
37 145
38 145
39 145
40 145
41 145
42 145
43 145
44 145
45 145
46 145
47 145
48 145
49 145
50 145
51 145
52 145
53 145
54 145
55 145
56 145
57 145
58 145
59 145
60 145
61 145
62 145
63 435
64 145
65 145
66 145
67 145
68 5800
69 435
70 145
71 145
72 145
73 145
74 145
75 145
76 145
77 145
78 261
79 145
80 0
81 0
82 0
83 0
84 0
85 0
86 0
87 0
88 0
89 0
90 0
91 0
92 0
93 0
94 0
95 0
96 0
97 0
98 0
99 0
