0 0
1 145
2 0
3 145
4 0
5 145
6 0
7 0
8 150
9 145
10 0
11 0
12 0
13 145
14 0
15 0
16 783
17 0
18 0
19 0
20 150
21 0
22 0
23 145
24 0
25 0
26 0
27 0
28 0
29 0
30 0
31 0
32 0
33 0
34 0
35 145
36 0
37 145
38 0
39 0
40 0
41 0
42 0
43 0
44 0
45 0
46 0
47 145
48 0
49 145
50 0
51 580
52 0
53 0
54 0
55 0
56 145
57 145
58 0
59 145
60 0
61 145
62 145
63 0
64 150
65 0
66 783
67 150
68 0
69 0
70 0
71 0
72 145
73 0
74 0
75 145
76 0
77 145
78 145
79 145
80 0
81 0
82 0
83 145
84 145
85 0
86 0
87 0
88 0
89 0
90 145
91 0
92 0
93 150
94 0
95 0
96 0
97 0
98 145
99 0
