0 620
1 155
2 155
3 155
4 155
5 155
6 155
7 155
8 155
9 155
10 155
11 155
12 155
13 155
14 155
15 155
16 155
17 155
18 155
19 155
20 155
21 155
22 155
23 155
24 155
25 155
26 155
27 155
28 155
29 155
30 155
31 155
32 155
33 155
34 155
35 465
36 155
37 155
38 155
39 155
40 155
41 155
42 155
43 155
44 155
45 155
46 155
47 155
48 155
49 155
50 155
51 155
52 155
53 155
54 155
55 155
56 155
57 155
58 155
59 155
60 155
61 155
62 155
63 465
64 155
65 155
66 155
67 155
68 6200
69 0
70 0
71 0
72 0
73 0
74 0
75 0
76 0
77 0
78 0
79 0
80 0
81 0
82 0
83 0
84 0
85 0
86 0
87 0
88 0
89 0
90 0
91 0
92 0
93 0
94 0
95 0
96 0
97 0
98 0
99 0
