0 40
1 40
2 40
3 304
4 40
5 40
6 40
7 40
8 40
9 40
10 40
11 40
12 40
13 40
14 40
15 40
16 40
17 40
18 40
19 40
20 40
21 40
22 40
23 48
24 40
25 40
26 40
27 40
28 40
29 40
30 40
31 40
32 40
33 40
34 48
35 40
36 40
37 40
38 40
39 40
40 40
41 40
42 40
43 40
44 40
45 40
46 40
47 216
48 40
49 40
50 40
51 40
52 40
53 40
54 40
55 40
56 40
57 40
58 40
59 40
60 40
61 800
62 40
63 40
64 40
65 40
66 40
67 464
68 40
69 40
70 40
71 40
72 40
73 40
74 40
75 40
76 40
77 40
78 0
79 0
80 0
81 0
82 0
83 0
84 0
85 0
86 0
87 0
88 0
89 0
90 0
91 0
92 0
93 0
94 0
95 0
96 0
97 0
98 0
99 0
