0 40
1 40
2 40
3 40
4 40
5 40
6 160
7 40
8 40
9 40
10 40
11 40
12 40
13 40
14 304
15 40
16 40
17 40
18 40
19 40
20 40
21 40
22 40
23 40
24 40
25 40
26 40
27 40
28 40
29 40
30 40
31 40
32 216
33 40
34 40
35 40
36 40
37 160
38 40
39 40
40 40
41 40
42 40
43 40
44 40
45 40
46 40
47 40
48 40
49 40
50 40
51 40
52 40
53 40
54 40
55 40
56 40
57 40
58 40
59 40
60 40
61 40
62 45
63 45
64 45
65 45
66 45
67 45
68 45
69 45
70 45
71 45
72 45
73 45
74 45
75 135
76 45
77 45
78 45
79 180
80 135
81 45
82 45
83 45
84 45
85 45
86 45
87 45
88 45
89 45
90 9000
91 0
92 0
93 0
94 0
95 0
96 0
97 0
98 0
99 0
