0 45
1 45
2 45
3 45
4 45
5 45
6 900
7 0
8 0
9 0
10 0
11 0
12 0
13 0
14 0
15 0
16 0
17 0
18 0
19 0
20 0
21 0
22 45
23 0
24 0
25 0
26 0
27 0
28 45
29 0
30 0
31 45
32 0
33 0
34 45
35 0
36 45
37 0
38 45
39 45
40 45
41 45
42 45
43 45
44 45
45 45
46 45
47 45
48 45
49 45
50 45
51 0
52 0
53 0
54 0
55 0
56 45
57 0
58 0
59 0
60 0
61 0
62 45
63 0
64 0
65 0
66 0
67 0
68 0
69 0
70 0
71 45
72 45
73 0
74 0
75 1800
76 45
77 0
78 0
79 0
80 0
81 0
82 0
83 0
84 0
85 0
86 0
87 0
88 0
89 0
90 0
91 0
92 0
93 0
94 0
95 45
96 0
97 0
98 0
99 0
