0 45
1 45
2 45
3 45
4 45
5 45
6 45
7 45
8 45
9 45
10 45
11 45
12 45
13 45
14 45
15 45
16 45
17 45
18 45
19 45
20 45
21 45
22 45
23 45
24 45
25 45
26 45
27 45
28 45
29 45
30 45
31 45
32 45
33 45
34 45
35 45
36 45
37 45
38 72
39 45
40 45
41 45
42 54
43 45
44 45
45 45
46 45
47 45
48 45
49 45
50 45
51 45
52 45
53 45
54 45
55 135
56 45
57 45
58 45
59 45
60 45
61 45
62 45
63 45
64 45
65 45
66 45
67 45
68 45
69 45
70 45
71 45
72 45
73 45
74 9000
75 0
76 0
77 0
78 0
79 0
80 0
81 0
82 0
83 0
84 0
85 0
86 0
87 0
88 0
89 0
90 0
91 0
92 0
93 0
94 0
95 0
96 0
97 0
98 0
99 0
