0 200
1 50
2 50
3 50
4 50
5 50
6 50
7 50
8 50
9 50
10 50
11 50
12 50
13 50
14 50
15 50
16 50
17 50
18 50
19 50
20 50
21 50
22 50
23 50
24 50
25 50
26 50
27 50
28 50
29 50
30 50
31 50
32 50
33 50
34 50
35 150
36 50
37 50
38 50
39 50
40 50
41 0
42 50
43 0
44 0
45 0
46 0
47 0
48 0
49 0
50 50
51 0
52 50
53 0
54 0
55 0
56 0
57 0
58 50
59 50
60 50
61 0
62 50
63 150
64 0
65 0
66 50
67 0
68 2000
69 0
70 0
71 50
72 0
73 50
74 0
75 0
76 50
77 0
78 0
79 50
80 0
81 50
82 50
83 0
84 50
85 0
86 0
87 0
88 0
89 0
90 50
91 0
92 0
93 0
94 50
95 200
96 50
97 0
98 0
99 50
