0 50
1 50
2 120
3 50
4 50
5 50
6 50
7 50
8 50
9 50
10 50
11 50
12 50
13 50
14 50
15 270
16 580
17 0
18 0
19 50
20 0
21 50
22 50
23 50
24 50
25 50
26 50
27 50
28 0
29 50
30 50
31 0
32 0
33 0
34 1000
35 50
36 50
37 50
38 0
39 0
40 50
41 0
42 50
43 2000
44 0
45 50
46 50
47 0
48 0
49 50
50 50
51 0
52 0
53 0
54 0
55 0
56 50
57 50
58 50
59 50
60 0
61 0
62 50
63 50
64 50
65 0
66 0
67 50
68 50
69 50
70 50
71 0
72 50
73 50
74 0
75 0
76 10000
77 0
78 50
79 0
80 50
81 50
82 50
83 0
84 50
85 0
86 0
87 50
88 0
89 0
90 50
91 50
92 50
93 50
94 0
95 50
96 50
97 0
98 50
99 0
