0 220
1 55
2 55
3 55
4 55
5 55
6 55
7 55
8 55
9 55
10 55
11 55
12 55
13 55
14 55
15 55
16 55
17 55
18 55
19 55
20 55
21 55
22 55
23 55
24 55
25 55
26 55
27 55
28 55
29 55
30 55
31 55
32 55
33 55
34 55
35 418
36 55
37 55
38 55
39 55
40 55
41 55
42 55
43 55
44 55
45 55
46 55
47 55
48 55
49 55
50 55
51 55
52 55
53 55
54 55
55 55
56 55
57 55
58 55
59 66
60 55
61 55
62 55
63 297
64 55
65 55
66 55
67 55
68 165
69 55
70 55
71 55
72 55
73 55
74 55
75 55
76 55
77 55
78 99
79 55
80 55
81 55
82 55
83 55
84 55
85 297
86 55
87 55
88 55
89 11000
90 0
91 0
92 0
93 0
94 0
95 0
96 0
97 0
98 0
99 0
