0 88
1 55
2 55
3 55
4 55
5 55
6 165
7 55
8 55
9 55
10 55
11 55
12 55
13 55
14 297
15 55
16 55
17 55
18 55
19 55
20 55
21 55
22 55
23 55
24 55
25 132
26 55
27 55
28 55
29 55
30 55
31 55
32 220
33 55
34 55
35 66
36 55
37 88
38 55
39 55
40 55
41 55
42 55
43 55
44 55
45 55
46 55
47 55
48 60
49 60
50 60
51 60
52 60
53 60
54 60
55 60
56 60
57 60
58 60
59 60
60 60
61 60
62 60
63 108
64 60
65 60
66 60
67 60
68 60
69 60
70 60
71 60
72 60
73 60
74 60
75 144
76 60
77 60
78 60
79 180
80 144
81 60
82 60
83 60
84 60
85 60
86 60
87 60
88 60
89 60
90 96
91 60
92 60
93 60
94 60
95 96
96 60
97 60
98 60
99 0
