0 60
1 60
2 60
3 60
4 60
5 60
6 60
7 60
8 2400
9 0
10 0
11 0
12 60
13 0
14 0
15 60
16 60
17 0
18 0
19 0
20 0
21 0
22 0
23 0
24 0
25 0
26 0
27 456
28 0
29 0
30 0
31 0
32 0
33 0
34 0
35 0
36 0
37 0
38 60
39 0
40 0
41 0
42 0
43 0
44 60
45 0
46 60
47 0
48 0
49 0
50 0
51 0
52 0
53 0
54 0
55 0
56 0
57 0
58 0
59 60
60 60
61 0
62 60
63 0
64 0
65 0
66 0
67 0
68 0
69 0
70 0
71 0
72 60
73 0
74 0
75 0
76 0
77 0
78 0
79 0
80 0
81 0
82 0
83 0
84 0
85 0
86 240
87 0
88 60
89 0
90 0
91 0
92 0
93 60
94 0
95 0
96 0
97 60
98 0
99 0
