0 60
1 60
2 60
3 60
4 60
5 60
6 60
7 60
8 456
9 456
10 60
11 60
12 60
13 60
14 60
15 60
16 60
17 60
18 60
19 60
20 696
21 60
22 60
23 60
24 60
25 60
26 12000
27 0
28 0
29 0
30 0
31 0
32 0
33 0
34 0
35 0
36 324
37 0
38 0
39 0
40 0
41 0
42 0
43 60
44 0
45 0
46 0
47 0
48 0
49 0
50 0
51 0
52 0
53 0
54 0
55 0
56 0
57 0
58 0
59 0
60 0
61 0
62 0
63 0
64 0
65 0
66 0
67 0
68 0
69 0
70 0
71 0
72 0
73 60
74 0
75 0
76 0
77 0
78 0
79 0
80 0
81 0
82 72
83 0
84 60
85 0
86 0
87 0
88 0
89 0
90 0
91 0
92 0
93 60
94 0
95 0
96 0
97 60
98 60
99 0
