0 65
1 65
2 65
3 0
4 0
5 0
6 0
7 0
8 0
9 0
10 0
11 65
12 754
13 0
14 0
15 0
16 65
17 0
18 0
19 0
20 0
21 65
22 65
23 0
24 0
25 0
26 65
27 0
28 0
29 0
30 0
31 0
32 65
33 0
34 65
35 0
36 0
37 0
38 0
39 65
40 0
41 0
42 0
43 0
44 0
45 65
46 0
47 65
48 0
49 65
50 0
51 65
52 0
53 0
54 0
55 0
56 65
57 0
58 260
59 65
60 260
61 0
62 0
63 0
64 0
65 0
66 0
67 65
68 0
69 0
70 65
71 65
72 0
73 0
74 65
75 65
76 0
77 0
78 65
79 0
80 0
81 0
82 0
83 0
84 65
85 65
86 65
87 13000
88 0
89 0
90 0
91 156
92 0
93 0
94 0
95 65
96 0
97 0
98 0
99 0
