0 65
1 65
2 65
3 0
4 0
5 0
6 65
7 0
8 0
9 65
10 0
11 0
12 0
13 0
14 0
15 65
16 0
17 754
18 65
19 65
20 0
21 0
22 0
23 0
24 65
25 65
26 65
27 65
28 65
29 0
30 754
31 65
32 0
33 0
34 0
35 0
36 0
37 0
38 13000
39 0
40 65
41 0
42 0
43 65
44 0
45 0
46 0
47 0
48 0
49 0
50 0
51 0
52 0
53 65
54 0
55 0
56 65
57 0
58 0
59 0
60 0
61 65
62 0
63 0
64 0
65 65
66 0
67 65
68 65
69 0
70 0
71 65
72 0
73 0
74 104
75 65
76 65
77 65
78 0
79 0
80 0
81 65
82 65
83 65
84 754
85 0
86 65
87 65
88 0
89 0
90 65
91 65
92 65
93 0
94 0
95 0
96 0
97 65
98 0
99 0
