0 70
1 210
2 70
3 70
4 70
5 70
6 70
7 70
8 70
9 70
10 532
11 70
12 70
13 70
14 70
15 70
16 70
17 70
18 168
19 70
20 70
21 70
22 14000
23 0
24 0
25 0
26 0
27 0
28 0
29 0
30 0
31 0
32 0
33 0
34 0
35 0
36 0
37 0
38 0
39 0
40 0
41 0
42 0
43 0
44 0
45 0
46 0
47 0
48 0
49 0
50 0
51 0
52 0
53 0
54 0
55 0
56 0
57 0
58 70
59 70
60 70
61 70
62 70
63 70
64 70
65 70
66 70
67 70
68 70
69 70
70 70
71 70
72 126
73 210
74 70
75 70
76 70
77 70
78 70
79 70
80 70
81 70
82 70
83 70
84 70
85 70
86 70
87 70
88 70
89 70
90 70
91 70
92 70
93 0
94 0
95 0
96 0
97 0
98 0
99 0
