0 70
1 70
2 70
3 70
4 70
5 70
6 70
7 70
8 280
9 532
10 0
11 70
12 70
13 70
14 0
15 0
16 0
17 70
18 0
19 0
20 0
21 70
22 0
23 0
24 0
25 70
26 126
27 0
28 0
29 70
30 0
31 0
32 0
33 0
34 70
35 70
36 812
37 0
38 70
39 0
40 0
41 0
42 0
43 70
44 0
45 70
46 70
47 0
48 0
49 0
50 0
51 70
52 0
53 0
54 70
55 70
56 0
57 70
58 0
59 70
60 70
61 70
62 70
63 70
64 70
65 70
66 70
67 70
68 70
69 70
70 70
71 70
72 70
73 70
74 70
75 70
76 70
77 70
78 70
79 70
80 70
81 70
82 532
83 70
84 0
85 0
86 2800
87 0
88 70
89 70
90 70
91 0
92 70
93 0
94 70
95 0
96 0
97 70
98 70
99 70
