0 70
1 70
2 70
3 70
4 70
5 70
6 70
7 70
8 280
9 532
10 70
11 70
12 70
13 70
14 70
15 70
16 70
17 70
18 70
19 70
20 378
21 70
22 70
23 70
24 70
25 70
26 126
27 1400
28 70
29 70
30 70
31 70
32 70
33 70
34 70
35 70
36 812
37 70
38 70
39 75
40 75
41 75
42 75
43 75
44 75
45 75
46 75
47 75
48 75
49 15000
50 0
51 0
52 0
53 0
54 0
55 0
56 0
57 0
58 0
59 0
60 0
61 0
62 0
63 0
64 0
65 0
66 0
67 0
68 0
69 0
70 0
71 0
72 0
73 0
74 0
75 0
76 0
77 0
78 0
79 0
80 0
81 0
82 0
83 0
84 0
85 0
86 0
87 0
88 0
89 0
90 0
91 0
92 0
93 0
94 0
95 0
96 70
97 70
98 70
99 70
