0 75
1 300
2 75
3 75
4 75
5 75
6 75
7 75
8 75
9 75
10 7500
11 0
12 0
13 75
14 0
15 75
16 0
17 0
18 0
19 0
20 0
21 0
22 0
23 0
24 0
25 0
26 0
27 0
28 0
29 0
30 75
31 0
32 0
33 0
34 0
35 75
36 0
37 0
38 0
39 0
40 0
41 0
42 0
43 0
44 0
45 0
46 0
47 0
48 0
49 75
50 0
51 0
52 0
53 0
54 0
55 0
56 0
57 225
58 0
59 0
60 0
61 0
62 0
63 0
64 0
65 0
66 0
67 0
68 0
69 0
70 0
71 0
72 0
73 0
74 0
75 0
76 0
77 0
78 0
79 0
80 0
81 0
82 0
83 0
84 0
85 75
86 0
87 0
88 0
89 0
90 0
91 0
92 0
93 0
94 0
95 0
96 0
97 0
98 75
99 0
