0 75
1 75
2 75
3 405
4 75
5 75
6 75
7 75
8 75
9 75
10 75
11 75
12 75
13 75
14 75
15 75
16 75
17 75
18 0
19 0
20 0
21 0
22 75
23 0
24 0
25 0
26 0
27 0
28 0
29 0
30 75
31 75
32 0
33 75
34 75
35 0
36 0
37 0
38 0
39 0
40 75
41 75
42 75
43 0
44 0
45 0
46 75
47 15000
48 0
49 75
50 75
51 75
52 75
53 75
54 0
55 0
56 0
57 75
58 75
59 0
60 75
61 180
62 75
63 75
64 0
65 0
66 0
67 0
68 0
69 0
70 0
71 0
72 0
73 0
74 0
75 0
76 0
77 0
78 0
79 0
80 0
81 0
82 0
83 0
84 75
85 0
86 0
87 75
88 870
89 75
90 0
91 0
92 0
93 0
94 0
95 0
96 0
97 0
98 0
99 0
