0 75
1 0
2 0
3 75
4 0
5 75
6 75
7 0
8 75
9 75
10 75
11 870
12 0
13 0
14 75
15 75
16 75
17 75
18 75
19 0
20 75
21 0
22 75
23 75
24 75
25 0
26 0
27 75
28 0
29 75
30 75
31 0
32 0
33 75
34 75
35 75
36 75
37 75
38 75
39 75
40 75
41 570
42 75
43 75
44 75
45 75
46 75
47 75
48 75
49 0
50 75
51 75
52 75
53 0
54 75
55 0
56 0
57 75
58 0
59 0
60 75
61 0
62 0
63 75
64 75
65 0
66 0
67 75
68 75
69 75
70 75
71 570
72 75
73 0
74 75
75 0
76 75
77 0
78 75
79 0
80 0
81 75
82 75
83 570
84 75
85 0
86 75
87 75
88 0
89 75
90 75
91 75
92 0
93 75
94 75
95 0
96 0
97 75
98 0
99 75
