0 80
1 80
2 80
3 80
4 80
5 80
6 80
7 80
8 1600
9 0
10 80
11 0
12 0
13 0
14 80
15 80
16 0
17 0
18 0
19 0
20 0
21 80
22 80
23 0
24 0
25 80
26 432
27 0
28 0
29 0
30 0
31 0
32 80
33 80
34 80
35 0
36 0
37 0
38 80
39 80
40 0
41 80
42 0
43 0
44 0
45 0
46 80
47 80
48 80
49 0
50 0
51 80
52 80
53 0
54 0
55 0
56 80
57 0
58 0
59 80
60 0
61 0
62 0
63 80
64 80
65 80
66 80
67 80
68 80
69 80
70 0
71 0
72 80
73 0
74 0
75 0
76 0
77 80
78 0
79 80
80 0
81 0
82 0
83 0
84 80
85 0
86 0
87 80
88 80
89 0
90 0
91 0
92 80
93 80
94 80
95 0
96 0
97 0
98 0
99 0
