0 75
1 75
2 75
3 75
4 75
5 75
6 0
7 80
8 0
9 0
10 75
11 75
12 0
13 80
14 0
15 0
16 0
17 0
18 75
19 80
20 0
21 0
22 0
23 0
24 0
25 75
26 0
27 0
28 0
29 0
30 75
31 75
32 0
33 0
34 0
35 0
36 0
37 0
38 0
39 0
40 0
41 0
42 0
43 0
44 0
45 0
46 0
47 0
48 0
49 3000
50 144
51 0
52 0
53 75
54 80
55 0
56 75
57 0
58 75
59 0
60 0
61 0
62 0
63 0
64 0
65 0
66 0
67 75
68 0
69 0
70 0
71 0
72 0
73 0
74 0
75 0
76 80
77 0
78 75
79 0
80 0
81 0
82 0
83 0
84 0
85 0
86 0
87 0
88 0
89 0
90 0
91 0
92 0
93 0
94 0
95 0
96 0
97 0
98 75
99 0
