0 80
1 80
2 80
3 96
4 80
5 80
6 80
7 80
8 80
9 80
10 80
11 80
12 80
13 80
14 80
15 80
16 80
17 80
18 80
19 80
20 80
21 80
22 80
23 16000
24 0
25 0
26 0
27 0
28 0
29 0
30 80
31 0
32 0
33 80
34 0
35 0
36 0
37 0
38 0
39 0
40 80
41 80
42 80
43 0
44 80
45 0
46 0
47 0
48 80
49 0
50 0
51 0
52 0
53 80
54 0
55 0
56 0
57 80
58 80
59 80
60 0
61 0
62 0
63 0
64 0
65 0
66 0
67 0
68 80
69 80
70 0
71 0
72 0
73 0
74 0
75 0
76 0
77 0
78 80
79 80
80 0
81 0
82 0
83 0
84 0
85 0
86 0
87 0
88 0
89 0
90 0
91 0
92 0
93 0
94 0
95 0
96 0
97 0
98 0
99 0
