0 85
1 85
2 85
3 340
4 85
5 85
6 85
7 85
8 85
9 85
10 85
11 85
12 85
13 85
14 85
15 85
16 85
17 85
18 85
19 85
20 85
21 85
22 85
23 0
24 0
25 0
26 0
27 0
28 0
29 0
30 0
31 85
32 0
33 85
34 85
35 0
36 0
37 0
38 0
39 0
40 0
41 0
42 0
43 85
44 0
45 0
46 0
47 0
48 0
49 0
50 0
51 0
52 85
53 0
54 0
55 0
56 0
57 85
58 85
59 0
60 0
61 0
62 0
63 0
64 0
65 85
66 0
67 0
68 0
69 0
70 85
71 0
72 0
73 0
74 85
75 0
76 0
77 85
78 0
79 0
80 85
81 0
82 0
83 0
84 85
85 0
86 0
87 0
88 0
89 85
90 0
91 0
92 0
93 0
94 0
95 0
96 0
97 17000
98 0
99 0
