0 85
1 85
2 85
3 85
4 85
5 85
6 85
7 102
8 85
9 85
10 85
11 986
12 0
13 0
14 85
15 85
16 0
17 85
18 0
19 85
20 0
21 646
22 85
23 0
24 85
25 0
26 85
27 85
28 85
29 85
30 0
31 459
32 0
33 0
34 0
35 0
36 0
37 85
38 0
39 0
40 85
41 646
42 85
43 85
44 85
45 0
46 85
47 85
48 85
49 85
50 0
51 0
52 0
53 0
54 0
55 0
56 1700
57 0
58 0
59 0
60 85
61 85
62 0
63 0
64 0
65 0
66 85
67 0
68 85
69 0
70 85
71 0
72 85
73 0
74 0
75 0
76 0
77 85
78 85
79 0
80 0
81 0
82 0
83 0
84 85
85 0
86 85
87 0
88 85
89 85
90 85
91 85
92 85
93 0
94 0
95 0
96 0
97 85
98 0
99 85
