0 85
1 85
2 0
3 0
4 85
5 85
6 0
7 85
8 85
9 85
10 90
11 85
12 85
13 85
14 85
15 85
16 85
17 85
18 85
19 85
20 85
21 85
22 85
23 85
24 85
25 85
26 85
27 85
28 85
29 85
30 85
31 85
32 85
33 85
34 85
35 85
36 85
37 85
38 85
39 85
40 85
41 85
42 85
43 85
44 85
45 85
46 85
47 340
48 90
49 85
50 90
51 85
52 85
53 85
54 85
55 85
56 85
57 0
58 85
59 85
60 85
61 0
62 85
63 85
64 85
65 0
66 85
67 646
68 85
69 85
70 85
71 0
72 0
73 85
74 85
75 85
76 85
77 0
78 85
79 0
80 85
81 0
82 85
83 85
84 85
85 0
86 0
87 85
88 0
89 85
90 85
91 0
92 85
93 90
94 18000
95 85
96 0
97 0
98 0
99 0
