0 90
1 90
2 90
3 90
4 90
5 90
6 1800
7 90
8 90
9 0
10 90
11 0
12 0
13 0
14 0
15 0
16 0
17 0
18 0
19 90
20 0
21 0
22 0
23 90
24 0
25 0
26 0
27 0
28 0
29 0
30 0
31 0
32 0
33 0
34 0
35 0
36 0
37 0
38 0
39 90
40 0
41 0
42 0
43 0
44 0
45 0
46 0
47 0
48 0
49 0
50 0
51 0
52 0
53 90
54 90
55 90
56 90
57 90
58 90
59 90
60 90
61 90
62 90
63 90
64 90
65 90
66 90
67 90
68 90
69 90
70 90
71 90
72 90
73 90
74 90
75 3600
76 90
77 90
78 90
79 1800
80 1044
81 90
82 90
83 0
84 0
85 0
86 0
87 90
88 0
89 0
90 0
91 0
92 0
93 0
94 0
95 0
96 0
97 0
98 0
99 0
