0 90
1 90
2 90
3 90
4 684
5 90
6 90
7 90
8 90
9 90
10 144
11 90
12 90
13 90
14 90
15 90
16 90
17 486
18 90
19 90
20 90
21 90
22 90
23 90
24 90
25 90
26 90
27 90
28 90
29 90
30 144
31 90
32 90
33 90
34 90
35 90
36 90
37 95
38 380
39 19000
40 0
41 0
42 0
43 0
44 0
45 0
46 0
47 0
48 0
49 0
50 0
51 0
52 0
53 0
54 0
55 0
56 0
57 0
58 0
59 0
60 0
61 0
62 0
63 0
64 0
65 0
66 0
67 0
68 0
69 0
70 0
71 0
72 90
73 90
74 90
75 90
76 90
77 90
78 90
79 90
80 90
81 90
82 90
83 90
84 684
85 90
86 90
87 90
88 90
89 90
90 90
91 90
92 90
93 162
94 90
95 90
96 90
97 90
98 90
99 90
