0 95
1 95
2 95
3 95
4 114
5 95
6 95
7 95
8 95
9 95
10 95
11 95
12 95
13 95
14 95
15 95
16 0
17 0
18 0
19 0
20 0
21 0
22 0
23 0
24 0
25 0
26 95
27 0
28 0
29 0
30 0
31 95
32 0
33 0
34 0
35 0
36 0
37 0
38 0
39 0
40 0
41 0
42 95
43 95
44 0
45 19000
46 0
47 95
48 0
49 0
50 95
51 0
52 95
53 0
54 0
55 0
56 0
57 0
58 95
59 0
60 0
61 0
62 95
63 95
64 0
65 0
66 0
67 95
68 0
69 0
70 0
71 0
72 0
73 0
74 95
75 0
76 95
77 0
78 0
79 0
80 0
81 0
82 0
83 0
84 152
85 95
86 95
87 0
88 95
89 95
90 0
91 0
92 0
93 0
94 0
95 0
96 0
97 95
98 0
99 0
