0 95
1 95
2 95
3 95
4 95
5 95
6 95
7 95
8 380
9 722
10 95
11 95
12 95
13 95
14 95
15 95
16 95
17 95
18 95
19 95
20 513
21 95
22 95
23 95
24 95
25 95
26 171
27 0
28 0
29 0
30 0
31 95
32 0
33 0
34 95
35 0
36 0
37 95
38 0
39 0
40 0
41 95
42 95
43 0
44 0
45 0
46 95
47 0
48 0
49 0
50 285
51 0
52 95
53 0
54 0
55 0
56 0
57 0
58 95
59 0
60 95
61 95
62 0
63 95
64 95
65 0
66 0
67 0
68 95
69 0
70 95
71 95
72 0
73 0
74 0
75 95
76 0
77 0
78 95
79 0
80 0
81 95
82 0
83 95
84 95
85 95
86 0
87 0
88 95
89 0
90 95
91 0
92 95
93 95
94 0
95 0
96 0
97 95
98 95
99 0
